5632
7176
5400
5472
5590
6468
7384
6860
5280
4524
7242
6100
6270
5152
6240
5936
5665
6205
6969
7722
4018
4512
6136
4692
5538
6600
6325
6489
6912
6901
6448
5605
7474
5643
6431
4888
5546
7440
6670
5500
5508
5292
5160
5830
7668
5544
5616
5035
7085
4900
9164
3360
5040
7665
4944
5665
6678
6175
6300
5376
7412
7584
7080
4464
5917
5508
6324
6969
6148
6936
7719
7424
4928
3666
4732
6144
5200
7638
7130
5782
6298
6160
6204
6213
6758
5040
6325
4779
6804
5220
5060
7739
6111
5670
6090
8322
4929
6111
5280
4704
6720
5510
5800
6510
4998
7320
8760
5684
5253
7035
8136
5225
7169
6496
5670
5700
6206
5684
7548
7360
7442
7056
6608
5382
5220
6020
6325
7630
5612
5336
4459
4876
5626
4704
5700
6405
5050
5586
6104
5871
6882
6144
4988
5518
6365
5472
7085
6324
7812
6402
6901
5917
5264
5016
5676
6720
5088
5712
4410
6039
5510
3927
5002
7416
6732
5985
4700
7245
5642
5459
5828
5562
5880
6993
5408
6784
6732
5850
5568
4400
5100
5916
4982
6272
5520
6555
5104
5185
8712
6426
5768
7276
8025
4816
6386
5874
5782
7257
9301
6200
5640
5600
6000
8395
5162
5185
6262
5353
6042
5508
4466
5700
6206
5148
5406
6432
5890
5544
7820
5508
5963
5562
6612
4841
5820
5187
6468
5676
5520
5162
5280
5440
6768
4242
6195
6771
6480
5841
5695
6322
6120
4708
6256
6080
4590
7571
5856
7474
4644
6464
5076
6039
6545
5940
5568
6466
5643
7865
6360
5828
6060
7420
4368
6868
5130
7548
5724
6426
6300
7062
5985
6552
6372
4774
6240
6402
7076
6834
5712
5278
7622
6300
5712
6882
5859
4731
5880
5432
4935
6262
4420
5454
5459
5626
4656
4779
7140
7437
6052
7208
7480
6958
5724
6500
7128
4536
5850
5252
8584
6760
5886
6962
3906
5643
4750
5952
5005
7178
5626
5451
5565
6206
5162
6386
5829
7140
6174
6624
8540
7062
5888
6365
5890
6408
6708
5073
6100
7192
8584
6596
6566
5555
5700
6090
5247
6222
5760
5060
6254
5369
5454
5029
5510
7904
4947
5760
6930
7250
4410
4736
6500
7316
6678
6380
4131
5952
7866
6596
6660
5888
5243
7700
7384
6090
7260
5264
4902
6649
6848
5610
5251
6426
5959
6222
4565
5304
5264
5670
6887
4080
5917
5796
8424
8468
6552
5355
4320
7140
5194
7875
7210
5457
5917
6466
6900
6771
7130
5586
7280
6693
6077
8217
6048
5978
6592
6726
5700
7080
6360
7208
4416
5300
5084
5490
4134
6912
5100
6272
6210
7303
5050
6405
3680
3888
5856
5704
6180
6464
6669
5439
6649
4992
6050
6156
4514
4717
5130
6867
4418
6464
5832
4700
6254
4545
7015
6237
5358
4806
5880
4845
5757
6726
6489
5800
6365
5800
5974
5700
5194
7280
5050
5185
5472
6771
6600
5890
6726
6360
6084
8775
5936
5073
6696
5353
5350
6900
5824
7980
7006
7276
5096
6322
6050
8190
7920
5612
5130
5824
4042
5720
7245
7844
6300
6120
5454
7384
5880
4753
7560
6930
6272
6790
6262
5394
6440
5100
5985
5600
6100
7788
6669
5044
5220
4158
5952
7198
5880
5238
6912
5292
3486
6380
5510
5643
6510
5766
5002
5616
7314
5974
5670
4947
6901
6042
5208
5472
5244
6324
5148
5723
5925
5544
4656
6000
5865
5311
6882
6900
5192
6630
6200
5390
7458
6890
7434
5796
5350
5368
4977
5115
6262
5936
7820
7728
5130
6048
5820
4641
5568
4418
5856
6328
8400
5940
6693
6102
4860
5049
5500
5723
6696
5300
7128
8855
6431
5151
5720
6076
6160
7030
5814
6670
5350
5917
5292
5723
5616
7245
5340
8362
6800
6264
4350
6624
6072
6600
6060
4277
7035
6499
5280
6384
6848
6468
4982
5096
7425
7991
4692
5074
7854
4675
6305
4420
5415
6324
5820
6798
6380
7015
5415
5723
6592
4756
6380
6097
6032
7659
5616
4698
5162
7521
6534
6174
5757
5610
7029
7004
5170
6400
5830
5432
4895
7344
6710
6365
6042
6141
5202
6956
6710
5300
5472
5310
5074
5850
5824
5720
5450
5450
5940
7830
5544
6099
4368
5820
7272
4888
4646
6464
6784
3666
7035
6844
6804
5766
6944
5940
5350
5141
5459
6392
6069
5723
6148
6336
4700
4700
5733
4743
6969
5723
6160
7644
7844
4984
5888
5757
6489
4370
4576
6240
7182
5742
6820
6222
5335
5005
5312
5586
5936
6365
5795
7616
5232
6042
5841
6216
5336
7128
4998
5824
3922
6344
7208
5104
5096
5832
5989
4800
6336
5096
4738
5980
5208
7665
7412
5238
7344
6499
4840
6032
6384
6656
5481
4606
5984
5376
6468
5390
6365
7420
6324
4240
5220
5796
6786
6489
6344
6060
6164
4512
5564
4752
5824
4185
7171
5278
6240
6313
7475
6958
5848
5500
6882
5643
4788
6215
6664
8664
5700
6720
7458
6760
6784
5310
4950
6272
5671
6780
5432
5880
6344
7668
5208
7412
5940
5280
5488
5490
7378
7797
5712
6890
5160
6466
7659
4806
5060
6138
6386
6678
6210
7000
5757
5782
5445
6552
5390
5928
5510
5432
5304
6468
4510
4600
5612
6016
6565
5742
6528
7360
4512
7742
6060
6216
6230
6608
6615
6660
5785
5841
5871
6912
3354
4753
5888
6363
5888
7232
4056
4545
6552
5488
5820
4277
5253
5300
6018
7107
5060
4929
3840
6014
5800
4212
5757
5537
6003
5440
8208
5100
7004
7839
5922
7137
5406
6048
3318
6336
5684
5141
7068
5724
5880
6076
5694
8850
6741
6200
6100
6741
4488
5307
3700
6678
6313
6696
6848
4836
4717
6305
5782
4539
4720
5184
5928
4628
6279
6431
6072
6634
7308
6844
5551
5529
6270
5146
5600
6944
6936
4816
5890
6844
5782
7176
5916
5890
7752
5346
5394
6776
5445
7326
5472
5673
6400
6370
6528
6032
5643
4940
5096
4455
5772
6666
5616
6018
5820
4590
4218
6784
4536
5016
6592
5192
7300
7140
4984
6440
5757
6380
4664
7800
5551
5829
7426
6237
7700
7200
6783
6489
7332
5520
5546
5757
4590
3920
7448
