55
46
48
47
53
50
52
57
57
42
50
53
49
54
39
54
48
41
58
65
53
45
61
42
41
54
57
55
42
50
51
50
50
55
53
48
49
65
45
54
50
35
36
43
63
50
45
51
65
45
53
35
47
56
51
50
50
40
51
38
51
57
59
43
50
54
42
52
54
49
58
61
42
50
49
49
54
61
50
48
50
58
48
57
49
43
59
40
54
40
41
52
45
41
55
53
43
47
42
43
64
51
53
49
51
61
59
44
49
56
57
41
61
55
39
42
53
53
52
69
60
51
71
37
50
44
58
49
45
47
54
48
49
57
47
51
41
48
45
49
52
45
37
48
46
57
58
44
67
41
58
50
50
47
45
63
55
53
40
41
48
41
40
57
46
47
37
53
43
48
48
59
49
51
51
52
42
59
49
38
58
50
58
51
45
47
49
43
61
49
53
47
54
38
49
41
43
59
56
52
45
54
50
63
47
42
50
53
56
54
40
51
56
46
50
49
48
43
54
59
44
56
59
50
46
45
52
41
47
36
42
35
48
58
57
60
51
42
48
58
44
53
50
41
42
60
59
52
48
50
40
56
58
53
44
52
51
61
60
40
55
59
50
59
41
50
60
45
53
48
41
55
52
39
55
41
47
49
55
45
52
52
51
52
37
49
46
51
58
55
50
44
46
45
51
42
45
59
46
45
47
42
44
47
52
49
54
54
61
49
56
69
44
61
56
50
40
43
46
41
58
59
39
53
46
49
42
59
57
58
49
45
43
40
56
37
55
59
50
55
44
49
61
51
37
54
44
39
53
50
44
51
46
46
52
45
63
67
38
31
56
56
65
58
35
36
63
47
56
51
54
57
59
58
57
43
58
43
55
52
36
63
45
55
34
49
41
52
50
43
51
41
51
63
45
54
32
57
53
57
45
55
54
54
53
59
58
55
49
53
60
45
52
56
52
51
48
56
61
42
52
53
64
47
39
43
51
50
51
44
51
52
46
46
55
42
41
60
57
56
51
47
57
61
41
47
42
58
42
48
49
50
65
46
46
50
41
44
53
46
58
56
59
51
52
56
46
51
49
58
44
39
42
61
52
43
62
52
58
65
48
41
57
53
50
57
33
54
56
58
43
59
64
57
62
48
45
64
44
51
53
49
48
59
48
56
54
50
55
51
42
47
54
43
53
39
46
44
51
63
48
51
42
43
41
61
54
51
62
56
42
57
45
42
55
45
46
53
48
51
41
49
54
51
41
48
52
62
53
56
36
49
36
44
42
64
53
55
48
55
45
48
56
63
51
41
51
57
44
48
53
49
49
58
56
46
50
48
49
41
46
59
55
48
51
56
49
54
47
42
51
54
59
62
44
51
57
46
38
41
63
69
49
47
47
44
39
58
46
63
38
54
49
42
54
49
55
42
43
43
36
54
52
62
54
46
53
64
38
41
54
48
48
43
48
49
43
51
48
61
46
49
62
41
55
51
54
63
51
33
37
50
57
43
49
53
50
55
53
51
56
51
44
45
61
47
58
47
55
42
56
51
56
42
44
41
62
45
42
60
43
50
50
60
45
41
45
56
56
48
53
48
44
64
54
50
59
53
67
49
39
40
63
56
53
49
47
45
56
52
54
49
41
56
59
39
44
50
53
36
47
56
55
38
63
42
46
51
47
63
56
44
50
63
49
62
59
68
42
44
41
60
35
52
53
48
31
67
59
42
51
57
52
49
34
49
48
43
50
49
39
58
58
47
40
42
37
32
49
50
39
56
47
60
49
36
69
53
45
50
40
51
47
47
42
53
58
42
48
66
61
43
41
47
43
47
40
53
48
68
68
40
65
56
49
40
53
53
49
48
43
61
53
56
44
60
54
51
41
41
68
54
47
58
36
56
67
41
37
55
51
48
41
57
56
61
53
50
53
55
48
46
46
47
46
44
55
54
54
51
55
51
53
53
47
54
39
56
50
54
51
47
53
48
33
50
53
50
44
54
38
55
48
51
50
47
54
45
44
53
49
49
43
43
48
53
49
64
35
44
66
39
41
47
49
58
40
56
38
47
39
45
53
58
35
51
40
60
50
56
48
54
57
43
32
62
50
63
54
47
48
58
44
52
44
46
58
45
46
47
43
62
59
63
51
47
36
39
51
58
48
43
54
55
56
50
50
49
60
53
48
43
50
58
48
52
57
45
51
45
45
46
47
39
49
41
57
47
45
51
67
48
40
38
49
33
48
44
46
47
51
60
34
60
49
42
51
56
58
48
76
57
48
42
57
56
37
43
47
