1650
1886
1776
1222
1537
1700
1456
1824
1368
1134
1550
1219
1470
1566
1287
1512
1248
1599
2610
1755
1113
855
1830
1218
1476
1836
1710
1815
1344
1700
1326
1250
1550
2200
1378
1392
1519
2405
1215
1134
1500
945
1044
1118
2331
1100
1530
1377
2340
1125
1855
735
1504
2016
1275
1400
1400
1200
1479
1216
2244
2109
1947
989
1600
1458
1638
1820
1404
1470
2610
2135
1218
950
1176
1666
1512
2013
1450
1536
1600
1334
1440
1596
1176
1462
1652
1080
2052
1160
1107
1768
1260
1066
1375
2014
1161
1692
1176
1290
1984
1377
1378
1617
1479
1769
2419
836
1323
1680
1482
1107
1769
1870
1053
1470
1484
1855
1976
2070
1920
1224
2272
962
1550
1320
1682
1568
1305
1222
1026
1296
1323
1311
1410
1887
1148
1056
1350
1470
1508
1260
999
1536
1610
1482
1682
1364
1809
1558
1682
1500
1550
1034
1350
2016
1485
1431
1240
1107
1536
902
1040
2223
1472
1175
1147
1537
1505
1488
1440
1416
1519
1836
1326
1560
1344
1534
1372
1064
1276
1400
1334
1785
1485
1645
1323
1376
1586
1421
1325
1598
1728
912
1470
902
1290
2006
1904
1508
1440
1134
1400
2583
1316
1134
1400
1643
1624
1458
1640
1785
1568
1196
1300
1617
1632
1376
1836
1770
1584
1568
1770
1150
1196
1440
1508
1312
1034
972
1176
910
1584
1276
1938
1680
1428
1470
1392
1856
1672
795
1750
1230
1092
1740
1711
1820
1104
1650
1160
1512
2030
1537
1188
1924
1275
2257
1800
1240
1870
2006
1500
2124
1148
1800
1440
1530
1378
1536
1271
1430
2080
1170
1540
1312
1457
1666
1430
1395
1768
1612
1428
1768
851
1617
1656
1785
1102
1430
1200
1056
1104
1170
1071
1218
1755
1593
1472
1035
1833
1302
1408
1457
1508
1176
1080
1566
1586
2009
1624
2277
880
1708
1232
1700
1320
2064
1196
1640
2088
1652
1053
2173
1518
1764
1050
2124
2166
1508
1715
1485
1505
1440
1568
1110
1485
1888
1750
1595
1364
1176
1647
1632
1147
1242
1320
975
1590
1300
1144
1173
1334
1886
1248
1260
1449
1809
1026
1085
1680
1512
1755
1740
735
1044
2394
1645
1512
1734
1620
1938
2124
2146
1767
1161
1276
1333
1815
1820
972
1638
1125
1320
918
1225
1271
1404
2000
1118
1326
1517
1734
2016
1485
1242
1056
2109
1113
2337
1350
1815
1836
1998
1908
1652
1276
1595
1862
1749
1800
1845
1404
1624
1716
1428
1632
1680
1281
1512
1248
1378
1472
1269
897
1419
1377
1600
1836
1408
1071
1872
966
1334
1815
1344
1230
2160
1482
1176
1377
987
1596
1769
1476
1175
924
2088
1176
1776
1372
1300
1755
1012
1334
1950
1107
1188
1908
1518
1450
1344
1534
1734
1560
1512
1288
1326
1127
1972
1100
1209
1176
2013
1664
1247
1674
1612
1914
2145
1296
1189
1767
1484
750
2109
1155
1998
2016
1856
1161
1593
2176
2109
1550
1296
1305
2304
1364
1173
2279
1862
1296
1829
1440
2016
1782
1250
1650
1785
1428
1645
1728
1161
1643
1092
1288
1144
1530
1701
1392
1428
1176
989
1230
1830
1350
1479
1922
1568
966
1482
945
1218
2200
1395
1150
1325
1440
1377
1476
1323
1782
1683
1476
1296
1248
2170
1378
1344
1224
1274
1080
1056
1554
1472
1590
2035
1872
1650
1665
1344
1624
1827
1785
943
1428
1995
1100
1248
1378
1519
1666
2204
1512
1380
1150
1104
1323
943
1380
1593
1925
1776
2091
1680
1078
1512
1175
1428
1887
1620
2360
2790
1100
1071
1368
1150
1596
1230
1323
2001
1274
1692
1316
1232
1560
2030
1518
2583
1558
1458
833
1470
1782
1568
1595
924
1462
1591
1296
1674
1768
1860
1512
1334
2014
2432
1026
1394
2214
1584
1680
1290
1584
1421
946
1581
1440
1952
1426
1323
1984
1476
1595
1683
1728
2205
1530
1023
1110
1700
2394
1333
1421
1378
1800
1815
1537
1377
1680
1275
1320
1485
1708
1739
1450
1880
1485
1806
1848
1632
1792
1638
1232
1394
1798
1395
924
1440
1247
2450
1600
1860
1170
1107
1845
1232
1456
1632
1855
912
1452
1280
1836
1750
1829
1749
1742
1176
1053
1400
1638
1512
1484
1666
1222
810
1344
1196
2106
1470
1435
2128
2124
1092
1716
1500
1749
828
1128
2128
1430
1292
1953
1428
1242
1275
1598
1512
1624
1408
1550
1890
1078
1426
1652
1904
924
1584
1066
1980
1015
2080
1643
1536
682
1876
1239
966
1938
1482
1144
1617
1054
1666
2064
1075
1400
1813
1014
1914
1276
1645
1160
1092
1073
832
1666
1400
1521
1680
1504
1260
1323
864
2415
1325
1710
1350
1320
1122
846
1551
1428
1484
2088
1302
1968
1914
2013
1247
1230
1504
1462
1363
880
1590
1680
2448
1836
1680
2665
2016
1470
1120
1272
1802
1127
1344
1505
1586
1325
2016
1056
1980
1674
1173
1107
1558
1836
1620
1316
1798
1224
1736
1943
1107
962
1925
1326
1344
1353
2052
1848
1891
1643
1250
1484
1650
1680
1288
1518
1598
1426
1188
2090
1728
1512
1275
1705
1734
1272
2173
1175
1296
1638
1288
1750
1728
1683
1363
1378
1776
594
1100
1696
1250
1320
1728
684
1540
1632
1530
1500
1128
1350
1170
1320
1961
1568
1568
1161
1118
1200
901
1274
1088
1085
1144
2244
1287
1107
1598
1715
1740
880
1736
1102
1504
975
1170
1749
1914
1085
1428
1480
2340
1600
1624
1296
1944
1539
1333
736
2170
1800
2457
1566
1222
1200
1740
1496
1404
1232
1472
1566
1305
1564
1316
1161
2108
1593
1764
1377
1269
1368
1248
1428
1798
1776
1333
1350
1155
1848
1650
1500
1568
2460
1378
1632
1677
1350
2088
1296
1716
1482
1440
1734
1080
1485
1058
1222
1209
1029
1189
1425
1269
1260
1428
1072
1872
920
836
1617
924
1536
1584
1058
1739
1428
1500
782
1980
1568
1638
1989
1904
1856
1968
1824
1881
1872
1302
1881
1512
962
1075
1786
