30
41
37
26
29
34
28
32
24
27
31
23
30
29
33
28
26
39
45
27
21
19
30
29
36
34
30
33
32
34
26
25
31
40
26
29
31
37
27
21
30
27
29
26
37
22
34
27
36
25
35
21
32
36
25
28
28
30
29
32
44
37
33
23
32
27
39
35
26
30
45
35
29
19
24
34
28
33
29
32
32
23
30
28
24
34
28
27
38
29
27
34
28
26
25
38
27
36
28
30
31
27
26
33
29
29
41
19
27
30
26
27
29
34
27
35
28
35
38
30
32
24
32
26
31
30
29
32
29
26
19
27
27
23
30
37
28
22
30
30
29
28
27
32
35
26
29
31
27
38
29
30
31
22
30
32
27
27
31
27
32
22
26
39
32
25
31
29
35
31
30
24
31
36
26
30
32
26
28
28
22
28
23
35
33
35
27
32
26
29
25
34
32
24
30
22
30
34
34
29
32
21
28
41
28
27
28
31
29
27
41
35
28
26
26
33
34
32
34
30
36
28
30
23
26
32
29
32
22
27
28
26
33
22
34
28
28
35
29
32
38
15
35
30
26
29
29
35
23
33
29
27
35
29
27
37
25
37
30
31
34
34
30
36
28
36
24
34
26
32
31
26
40
30
28
32
31
34
26
31
34
31
28
34
23
33
36
35
19
26
24
24
24
26
21
29
39
27
32
23
39
31
32
31
29
24
20
29
26
41
29
33
20
28
22
34
33
48
26
40
36
28
27
41
33
36
25
36
38
26
35
33
35
36
28
30
27
32
35
29
31
24
27
32
31
23
30
25
30
26
26
23
29
41
24
28
23
27
27
35
30
27
27
30
21
29
38
35
27
34
30
34
36
37
31
27
22
31
33
35
27
26
25
24
27
25
31
27
40
26
26
37
34
32
33
23
33
37
21
41
30
33
34
37
36
28
22
29
38
33
30
41
27
29
33
28
34
30
21
36
24
26
23
27
23
33
27
32
36
32
21
36
21
29
33
32
30
36
26
21
27
21
28
29
36
25
22
36
28
37
28
26
27
22
29
39
27
27
36
33
25
24
26
34
30
27
28
26
23
34
25
31
28
33
32
29
27
31
33
33
27
29
31
28
15
37
35
37
36
32
27
27
34
37
25
27
29
36
31
23
43
38
27
31
30
36
33
25
30
35
34
35
32
27
31
28
28
26
30
27
29
28
28
23
30
30
25
29
31
28
23
26
21
29
40
31
25
25
30
27
36
27
33
33
36
27
24
35
26
24
34
26
30
24
37
23
30
37
39
30
37
28
29
29
35
23
28
35
25
26
26
31
34
38
27
30
23
23
27
23
30
27
35
37
41
30
22
28
25
34
37
30
40
45
25
21
24
25
42
30
21
29
26
36
28
28
40
35
33
41
41
27
17
35
33
32
29
22
34
37
36
31
34
30
28
29
38
38
27
34
41
33
35
30
33
29
22
31
30
32
31
27
32
36
29
33
32
35
30
31
30
34
42
31
29
26
36
33
29
27
30
25
30
33
28
37
25
40
27
43
33
32
32
39
28
34
29
31
22
24
29
49
32
31
26
27
41
22
26
34
35
19
33
20
34
35
31
33
26
24
27
35
26
27
28
34
26
18
24
23
39
30
35
38
36
28
39
30
33
23
24
38
26
34
31
34
27
25
34
24
29
32
31
30
22
23
28
28
22
36
26
33
29
40
31
32
22
28
21
23
38
26
22
33
31
34
43
25
28
37
26
33
22
35
29
26
29
26
34
28
39
30
32
21
27
24
35
25
38
27
33
22
18
33
34
28
36
31
41
29
33
29
30
32
34
29
22
30
35
36
27
42
41
36
30
28
24
34
23
28
35
26
25
36
24
33
31
23
27
38
27
30
28
31
34
31
29
27
26
35
26
28
33
36
33
31
31
25
28
30
35
28
33
34
31
27
38
32
28
25
31
34
24
41
25
24
42
23
35
32
33
29
26
37
18
22
32
25
30
32
18
28
34
30
30
24
25
26
30
37
32
32
27
26
25
17
26
17
31
26
34
33
27
34
35
30
22
31
29
32
25
26
33
33
31
28
37
39
32
29
27
36
27
31
23
35
36
39
29
26
25
30
34
27
28
32
27
29
34
28
27
34
27
28
27
27
38
32
28
31
37
31
25
21
33
33
30
32
41
26
34
39
27
36
27
33
26
32
34
24
33
23
26
31
21
29
25
27
28
28
16
39
23
22
33
28
32
36
23
37
28
25
23
33
32
39
39
34
32
41
24
33
39
31
33
27
26
25
38
