357 780
532 341
015 469
789 555
086 302
001 811
840 513
623 810
437 857
624 253
568 111
422 288
182 222
653 194
940 740
946 017
517 005
816 493
520 869
425 212
008 114
377 609
061 108
679 218
311 082
949 517
843 482
774 693
415 237
903 575
711 845
406 075
994 051
247 050
926 625
886 203
863 297
198 281
823 160
792 925
576 227
887 699
957 732
752 307
214 385
592 927
362 705
573 980
967 716
950 727
373 422
295 613
520 551
268 783
812 066
678 568
195 688
940 796
858 304
897 686
602 742
243 862
714 341
604 446
113 242
377 136
025 479
544 222
807 688
558 829
791 069
398 414
141 100
286 986
734 395
036 474
765 991
429 609
777 116
358 798
947 114
628 585
486 032
837 993
263 903
569 760
948 046
387 548
041 005
362 867
597 648
677 338
443 082
299 826
245 211
895 600
882 448
090 191
192 062
683 739
373 818
185 365
983 872
226 342
412 134
132 610
123 011
240 899
353 746
142 887
688 925
860 023
682 288
040 252
803 260
933 408
636 036
114 526
284 367
205 000
481 218
007 187
108 337
417 345
883 858
997 299
408 431
799 072
166 022
858 070
643 950
047 788
529 472
752 481
143 472
098 981
005 070
281 819
053 069
445 335
252 720
226 705
231 708
726 726
891 590
204 192
068 713
517 002
839 868
238 545
356 590
668 314
027 775
684 244
768 212
431 482
352 654
027 696
963 040
