625 500
500 105
105 531
500 108
500 355
105 921
921 919
921 328
531 280
108 573
919 890
890 484
105 221
531 026
328 894
105 102
328 277
108 359
531 346
102 423
919 225
105 901
423 812
355 649
531 936
484 000
484 583
484 839
919 204
894 451
573 854
649 599
277 147
500 896
919 030
030 066
936 260
894 870
280 471
599 315
919 477
854 480
896 795
500 604
583 747
315 396
921 022
484 131
000 042
901 113
102 043
328 946
204 320
500 959
896 997
451 818
346 094
997 930
102 947
221 631
221 054
604 647
043 225
355 239
890 661
396 405
959 174
531 818
812 346
204 365
022 160
890 818
105 245
094 074
042 985
245 932
947 256
947 209
147 413
113 430
256 545
277 722
985 313
209 566
854 710
043 572
042 981
854 376
256 118
204 836
531 706
376 000
277 742
599 502
105 661
094 572
932 001
471 082
277 650
901 835
566 215
359 928
376 624
256 848
812 951
710 148
160 611
997 022
710 116
147 546
870 189
413 525
919 586
074 002
054 307
901 635
894 881
000 653
661 102
094 580
981 009
921 741
245 206
848 875
147 612
921 120
706 672
239 357
346 736
870 590
042 161
583 660
583 857
921 790
881 241
118 290
590 794
313 356
951 257
022 433
875 021
094 614
245 972
612 097
928 653
611 489
160 641
174 626
030 931
