985 597
597 157
157 711
157 112
112 633
597 835
711 311
112 623
835 278
278 379
311 507
623 609
379 511
278 908
112 091
091 385
091 614
908 270
623 656
112 147
511 666
507 220
112 501
507 608
666 291
379 745
745 310
379 200
614 547
385 780
608 689
507 607
745 660
157 397
112 257
257 898
511 366
507 639
908 088
745 817
088 175
623 998
898 634
623 508
817 866
200 560
385 710
780 224
200 555
817 286
147 365
623 585
200 647
385 641
379 395
270 455
091 958
200 719
310 659
608 211
639 650
455 541
710 885
365 328
958 511
609 764
660 794
365 132
157 243
607 933
835 371
278 958
555 013
371 319
634 263
541 271
659 527
379 894
291 635
501 819
656 381
365 507
157 617
257 951
656 549
998 128
200 780
291 794
817 862
635 794
270 208
764 837
660 755
132 591
609 964
623 141
549 783
243 127
689 889
257 765
366 537
889 693
764 433
764 471
175 927
527 629
660 898
710 570
998 852
291 093
617 787
745 954
794 323
224 861
501 300
257 724
819 723
291 009
263 599
224 152
560 474
660 179
898 051
633 984
471 644
660 979
908 629
511 805
541 036
093 593
379 310
128 127
541 239
508 279
666 914
852 315
689 733
555 265
599 981
051 564
593 769
635 422
128 805
805 276
508 558
656 518
558 524
639 921
659 089
656 827
593 765
315 307
617 988
239 130
889 924
988 314
998 894
511 361
861 160
381 769
988 189
817 976
644 122
724 815
609 454
541 970
564 125
666 467
314 057
160 723
633 102
130 373
998 623
051 632
745 402
549 242
609 437
885 812
009 004
270 974
564 753
263 735
467 910
812 632
889 185
644 638
650 924
617 947
765 945
639 688
185 991
311 225
638 979
629 773
125 525
787 104
200 590
549 399
773 027
027 959
984 833
833 034
104 949
093 183
004 302
914 213
984 570
599 971
224 169
257 383
527 818
200 410
525 049
647 981
599 825
970 130
815 171
225 496
597 971
104 660
104 860
719 385
379 952
147 357
169 085
524 983
279 071
976 304
091 334
945 261
211 300
302 126
278 669
753 294
639 811
455 536
169 093
723 210
157 348
185 257
689 522
524 225
093 967
811 558
632 521
263 124
656 575
866 895
753 658
302 344
794 297
894 349
827 223
265 860
344 915
518 923
609 356
179 975
211 383
921 752
710 375
455 165
924 087
924 769
591 062
710 921
371 584
908 376
395 213
263 602
130 265
852 593
027 384
208 751
294 723
314 457
507 146
183 052
410 928
765 728
817 222
225 317
104 029
711 757
945 484
959 096
220 569
825 982
575 056
224 597
979 142
036 591
317 440
071 038
971 061
639 279
656 580
093 297
599 396
656 704
328 374
669 459
511 872
104 774
780 993
349 620
982 837
889 924
728 244
835 263
967 235
179 372
757 766
029 976
036 560
970 357
128 969
049 454
773 290
220 348
524 264
923 624
223 035
410 934
169 250
632 578
753 877
766 977
597 423
125 263
185 606
575 848
035 783
146 565
983 419
991 038
597 624
356 918
035 885
142 047
945 415
614 515
372 633
575 300
501 955
565 369
521 361
733 717
264 702
773 677
223 334
051 086
183 709
769 937
317 567
085 580
765 029
009 239
575 472
243 711
835 614
979 586
658 494
454 648
508 593
827 282
584 855
564 785
723 579
656 270
112 245
200 130
474 330
317 233
433 209
141 775
755 796
208 135
811 417
702 796
644 949
861 870
565 588
981 556
323 583
728 440
560 482
835 891
278 392
245 621
982 286
171 721
751 386
243 867
290 382
270 847
624 076
062 631
921 687
374 609
052 219
471 739
419 259
981 548
440 549
371 928
027 268
208 519
169 954
349 746
608 568
160 139
852 555
132 737
975 940
062 317
689 197
648 116
311 395
290 680
384 572
721 821
297 439
171 710
891 362
659 945
507 955
737 454
381 247
213 231
624 449
511 884
124 320
915 166
233 743
264 333
189 082
757 537
087 378
386 889
641 509
983 196
268 117
855 050
297 267
728 269
175 800
125 705
386 032
564 534
220 451
220 326
147 425
425 047
259 482
982 534
052 247
117 574
586 456
757 012
812 811
004 608
135 085
835 218
243 273
125 950
855 626
467 502
969 375
626 907
937 162
556 728
710 332
507 891
629 001
733 552
721 299
373 275
278 990
970 970
356 159
399 909
304 370
425 483
998 350
422 442
029 639
496 803
898 944
396 055
222 827
835 378
629 367
213 011
669 605
402 868
474 327
923 101
558 684
974 055
835 108
276 367
231 765
348 066
979 840
035 687
977 627
689 502
564 124
794 187
250 206
474 262
175 227
385 546
062 631
262 960
656 308
011 935
817 495
746 090
384 127
381 983
885 429
093 871
206 068
223 847
051 575
666 770
326 609
317 897
484 245
013 184
918 250
868 037
328 226
606 088
897 080
909 554
979 756
029 907
223 165
300 060
860 273
082 245
746 596
474 373
590 754
379 668
209 971
583 478
597 354
974 310
967 769
062 812
086 421
766 933
367 466
650 613
175 011
590 428
602 192
889 522
803 860
870 152
362 081
082 925
362 771
419 073
848 366
302 665
395 276
126 680
812 815
967 615
541 775
970 377
998 497
395 557
743 253
271 320
051 562
623 070
243 456
656 453
381 193
175 071
870 244
047 690
606 288
656 621
132 642
484 065
862 939
967 441
440 722
263 328
927 777
764 654
397 597
988 422
386 535
548 415
743 555
184 725
122 010
709 947
918 600
951 280
705 811
518 571
944 382
361 147
709 426
958 936
704 456
442 488
508 533
621 703
385 418
286 790
165 055
580 934
032 324
384 393
141 396
924 614
596 974
379 479
265 497
466 792
774 755
817 887
185 358
518 570
507 335
635 809
755 253
785 209
949 635
660 498
785 234
524 166
096 974
080 887
710 858
440 259
578 170
085 222
623 254
642 861
591 014
690 202
179 791
332 737
524 480
688 590
638 513
723 344
483 897
609 390
837 905
227 405
680 755
012 011
386 729
449 811
554 323
225 237
397 481
974 441
754 488
423 400
051 581
688 135
488 068
974 209
613 091
390 888
056 936
090 024
451 387
608 368
925 929
737 518
971 351
208 741
494 695
429 238
975 714
848 616
421 986
038 981
774 027
600 203
395 917
066 187
334 136
211 009
368 197
122 897
203 261
578 370
925 361
617 754
976 597
130 702
332 161
124 940
950 245
753 303
785 064
327 270
769 277
790 041
723 067
584 225
898 072
794 916
945 977
351 721
515 984
770 526
270 779
056 339
362 293
397 274
986 515
467 382
157 149
237 349
950 078
067 644
257 722
596 125
339 940
268 863
885 209
147 051
132 660
222 662
231 895
533 383
036 138
572 831
387 940
024 328
029 195
562 836
861 273
642 291
871 117
161 808
757 923
135 441
620 641
400 129
135 279
596 707
280 235
792 557
308 238
870 375
224 310
011 934
381 392
474 858
480 505
898 856
269 330
586 301
548 070
975 704
745 794
319 313
057 352
693 996
557 039
