323 542
542 493
493 439
493 307
542 998
439 899
899 649
307 218
439 561
439 626
998 261
261 937
261 147
261 730
561 409
493 469
307 778
626 585
307 180
180 618
542 830
585 837
585 918
561 025
147 160
730 968
837 411
307 434
837 630
730 066
542 032
830 866
918 557
778 130
307 652
626 966
542 813
411 701
307 744
032 341
160 985
130 692
866 175
966 978
918 539
542 938
439 670
218 215
434 452
542 716
692 180
066 323
439 753
557 190
753 971
561 660
190 070
469 652
323 461
411 389
411 935
716 598
066 959
585 673
744 825
389 666
411 232
261 013
778 909
025 093
093 258
630 905
561 037
978 066
652 736
937 575
736 189
461 105
013 854
959 091
013 418
909 392
736 396
701 992
070 982
652 590
147 571
673 073
105 105
630 602
985 021
982 517
130 001
232 024
778 752
147 136
778 235
598 307
813 492
626 825
218 727
461 147
261 736
937 710
825 775
001 633
389 168
701 633
261 255
626 454
727 297
396 662
232 486
918 231
175 123
905 066
561 508
978 147
716 606
959 093
626 842
998 842
261 605
866 456
992 356
666 223
598 517
105 311
486 009
630 415
716 422
147 456
602 001
001 392
935 920
021 074
830 910
070 882
575 367
899 446
232 179
909 417
590 240
492 305
215 975
255 064
775 121
909 631
415 891
716 574
070 604
673 497
160 167
422 453
968 835
025 944
618 616
311 765
235 653
813 295
765 021
130 413
744 464
413 068
778 085
753 586
598 300
692 414
409 729
434 894
190 222
414 080
662 144
959 378
223 273
311 100
753 190
180 363
363 022
736 769
998 147
378 768
439 677
093 686
686 713
021 313
105 353
710 771
070 758
813 273
223 816
910 278
066 422
070 965
825 072
660 075
768 009
686 651
073 043
223 027
261 227
835 595
064 323
966 726
013 214
666 905
486 590
670 752
064 265
300 816
434 578
070 511
070 324
542 655
626 081
434 682
324 033
027 520
215 558
461 475
730 412
918 595
367 566
938 686
978 483
297 007
085 256
075 567
363 151
891 025
508 717
070 599
744 545
771 467
093 871
662 664
179 789
027 614
575 197
255 772
918 297
590 575
222 781
151 361
842 806
561 845
256 633
414 287
313 614
422 601
469 394
736 583
307 964
151 644
180 391
618 701
394 350
454 508
136 727
726 279
944 470
938 534
235 218
422 116
072 932
716 325
959 267
644 798
021 693
601 817
001 048
660 463
116 719
414 656
606 288
255 615
341 122
644 001
752 035
978 604
287 824
350 699
324 974
235 423
935 668
835 034
935 644
273 117
009 759
730 562
693 205
845 075
558 830
614 105
265 850
771 841
842 420
508 369
517 078
974 736
656 918
261 379
935 430
389 987
602 714
136 012
467 066
453 873
692 718
418 075
959 529
891 313
959 807
307 024
091 776
692 547
452 574
235 103
882 035
937 445
091 556
595 331
974 746
772 508
729 287
605 810
363 725
644 102
595 842
520 215
649 864
486 558
167 185
412 778
644 919
730 815
475 249
655 106
813 642
452 127
682 652
215 451
102 746
626 430
652 603
324 152
117 097
021 364
772 873
032 481
311 694
391 645
656 654
261 773
147 630
305 472
556 769
529 818
959 132
677 747
815 037
653 583
558 265
725 961
412 508
481 440
978 891
817 324
644 078
773 513
699 634
806 746
481 835
295 001
341 422
590 051
599 460
422 353
273 890
556 384
968 237
871 770
215 892
231 654
668 430
841 946
837 754
235 185
205 245
603 311
034 757
394 752
278 100
364 857
027 057
189 311
295 993
773 972
267 355
992 424
235 648
835 323
605 057
714 440
440 491
686 054
730 837
417 176
736 242
446 428
586 514
736 385
022 643
130 401
567 221
434 638
651 330
461 857
982 340
557 717
106 633
747 098
701 066
463 206
818 361
971 134
064 656
539 210
603 407
452 726
660 341
258 628
147 872
758 855
134 439
278 371
920 636
378 328
075 999
440 854
080 158
287 394
557 569
630 126
043 049
116 838
514 496
013 702
454 268
855 106
770 566
313 558
288 631
508 820
222 865
666 091
300 451
618 420
539 111
872 776
091 318
064 510
845 099
747 857
918 916
670 589
428 252
599 050
982 766
599 729
583 909
394 955
817 342
938 953
815 063
872 038
652 233
590 801
440 464
323 319
032 347
486 157
472 151
414 507
992 262
106 436
727 452
992 393
909 810
451 453
035 668
436 627
571 734
966 564
176 123
418 973
999 741
642 414
575 905
718 805
384 697
545 104
295 973
032 201
935 116
810 659
054 420
670 067
631 937
649 403
961 466
022 504
993 079
422 746
093 990
644 116
604 933
894 497
100 650
158 407
168 991
123 072
520 649
634 042
331 471
057 265
557 119
710 474
628 772
469 024
325 996
152 916
920 838
865 861
496 985
910 223
978 039
434 151
511 176
534 940
157 347
662 898
953 735
999 777
713 288
475 386
201 037
013 169
102 294
007 813
697 188
574 669
064 872
391 917
510 245
754 118
898 209
585 107
807 150
209 551
158 608
470 996
542 079
542 607
073 203
070 200
379 471
063 597
638 695
098 549
098 163
188 426
132 006
642 592
471 184
726 458
391 150
075 947
781 108
589 130
987 873
627 599
311 448
233 443
305 495
319 868
601 048
978 757
604 093
134 644
252 296
311 844
296 464
347 067
754 792
007 302
122 106
210 609
300 145
910 139
557 572
669 165
766 974
218 075
328 762
078 707
815 163
702 507
319 274
460 991
176 825
035 616
898 868
340 024
606 191
386 529
158 210
991 621
363 898
626 352
106 609
467 050
651 701
356 681
511 822
891 324
394 153
916 850
615 106
815 976
801 726
825 817
844 614
991 071
145 023
601 176
169 863
752 581
894 490
590 700
009 858
191 469
909 013
350 609
294 152
999 366
747 018
070 463
947 875
267 360
118 771
993 840
636 311
255 071
025 870
424 175
201 337
227 959
973 865
097 841
075 171
235 149
614 918
393 463
409 741
235 988
713 544
305 746
592 781
190 357
618 676
158 125
592 768
103 637
233 465
486 351
495 294
822 850
638 911
391 261
188 585
302 102
267 803
651 371
461 278
189 522
866 945
840 412
714 202
734 396
027 376
461 421
734 749
817 225
694 057
606 214
938 818
855 026
071 768
218 120
899 428
822 539
813 425
725 055
099 643
719 527
122 507
973 544
074 380
976 333
323 584
117 092
288 396
255 189
608 059
858 083
098 957
882 355
992 072
909 786
608 695
098 811
171 310
713 077
890 456
786 690
475 616
176 156
156 587
034 995
472 095
798 826
803 805
517 975
360 393
417 208
103 202
337 683
871 189
830 014
379 868
121 550
127 196
993 843
572 068
106 167
079 377
659 239
407 103
497 394
043 849
039 415
014 369
118 380
191 868
974 921
660 324
171 482
569 969
331 075
873 282
545 726
189 397
443 480
659 446
589 585
673 860
757 394
813 703
607 513
446 782
083 976
167 581
009 628
300 875
009 321
529 833
422 803
944 967
059 343
993 137
169 872
360 870
933 245
771 665
669 383
150 320
701 065
328 666
175 952
144 078
460 386
274 734
633 907
575 826
627 354
467 193
048 762
331 963
971 652
065 138
184 554
726 438
669 686
341 735
079 217
868 501
616 592
480 852
510 377
340 076
013 939
426 916
816 227
806 702
517 995
361 734
422 277
049 828
718 965
826 089
606 156
592 133
747 761
837 343
729 826
456 831
875 744
451 757
376 976
006 244
083 774
093 681
766 532
439 813
910 129
776 410
360 876
307 811
249 111
354 099
265 585
376 759
554 604
578 328
849 285
648 601
150 729
529 415
844 564
102 278
998 029
838 648
792 294
810 008
071 424
719 421
265 379
801 786
026 602
974 778
006 061
465 009
953 568
064 421
361 921
025 603
595 191
454 750
083 270
123 059
386 126
225 112
597 707
713 379
380 328
971 118
353 877
287 911
151 335
527 646
240 102
331 816
169 138
513 929
367 766
356 782
918 415
117 744
557 398
300 597
239 433
717 104
175 584
438 993
996 850
959 167
773 120
864 345
085 473
078 964
707 141
726 542
464 342
469 994
820 280
440 893
