564 920
920 046
046 195
195 483
920 092
195 929
092 860
195 486
860 361
046 801
483 829
929 612
860 382
092 166
382 997
483 957
046 757
382 117
612 163
860 223
046 060
757 721
117 623
195 014
361 583
721 218
195 293
957 515
721 073
163 591
829 018
163 567
046 378
073 789
060 671
860 007
092 863
382 727
378 291
486 254
567 886
361 453
801 203
014 720
860 273
195 935
591 396
163 186
195 704
789 625
382 508
361 445
445 369
218 407
920 430
291 714
223 034
486 503
430 100
430 246
453 530
378 531
223 373
530 405
203 261
860 158
789 230
445 791
430 719
163 188
860 266
361 167
704 997
100 332
332 837
246 568
714 665
117 231
829 250
531 209
665 901
503 344
218 121
291 544
727 468
860 371
405 141
371 896
704 533
246 351
018 440
568 516
361 177
623 686
430 447
378 467
625 042
714 826
073 001
929 028
508 748
727 727
396 393
163 617
486 070
188 102
721 385
721 173
531 215
623 293
042 367
163 104
625 659
291 129
508 298
714 551
261 228
060 294
018 020
294 078
467 827
407 418
369 398
078 560
073 550
273 368
544 128
218 682
826 289
177 784
393 448
046 885
997 608
719 562
231 640
719 851
361 008
562 266
396 842
129 319
447 187
128 618
129 637
784 871
445 802
273 445
007 023
842 387
826 674
007 343
418 954
503 861
073 706
530 408
483 401
625 072
128 961
757 272
100 113
104 666
070 130
128 690
167 130
401 972
177 616
842 314
531 382
503 582
163 396
393 689
173 998
935 829
562 548
130 261
516 074
659 847
784 691
954 763
113 599
568 603
343 118
625 359
801 080
046 332
228 738
060 744
690 359
314 892
092 929
272 062
691 178
141 547
332 556
686 653
671 672
842 414
837 303
896 594
387 195
121 154
704 561
871 490
560 694
972 176
929 499
361 591
719 654
623 104
550 342
294 452
173 899
972 449
972 575
653 006
901 557
100 460
396 613
154 931
997 496
272 006
006 990
562 108
289 938
102 868
784 287
367 412
359 938
378 798
929 379
046 016
173 081
885 438
418 144
195 446
447 402
042 816
972 151
187 416
178 834
187 689
104 275
863 872
078 282
398 138
173 078
163 539
113 426
007 916
430 097
438 696
332 214
246 563
273 362
072 536
938 298
416 237
282 380
556 997
872 583
802 474
293 109
901 900
623 078
167 827
885 689
757 005
080 241
186 028
672 178
582 615
837 390
872 611
173 513
674 974
072 317
167 337
474 027
567 727
704 855
078 053
402 798
